((("Ax=0" .
   [2 0 0 0])
  ("i=0" .
   [3 0 0])
  ("cdots+c" .
   [1 0 0 0 0 0 0])
  ("dots" .
   [1 0 0 0])
  ("neq" .
   [1 0 0])
  ("beta" .
   [1 0 0 0])
  ("author" .
   [1 0 0 0 0 0])
  ("emph" .
   [1 0 0 0])
  ("cdots" .
   [1 0 0 0 0])
  ("leq" .
   [2 0 0])
  ("delta" .
   [2 0 0 0 0])
  ("expr" .
   [1 0 0 0])
  ("abc" .
   [0 0 1])
  ("plot" .
   [1 0 0 0])
  ("symbol" .
   [0 0 1 0 0 0])
  ("第1621号国土证" .
   [0 0 0 0 0 1 0 0 0])
  ("欺诈发行债券20亿元" .
   [1 0 0 0 0 0 0 0 0 0])
  ("第2732号国土证" .
   [0 0 0 0 1 0 0 0 0])
  ("第2733号国土证" .
   [0 0 0 1 0 0 0 0 0])
  ("k+2" .
   [2 0 0])
  ("k+1" .
   [11 0 0])
  ("label" .
   [2 0 0 0 1])
  ("cdots+a" .
   [1 0 0 0 0 0 0])
  ("rightline" .
   [2 0 0 0 0 0 0 0 0])
  ("得到矩阵" .
   [0 0 0 1])
  ("n=b" .
   [0 0 1])
  ("hspace" .
   [2 0 0 0 1 0])
  ("-third-item" .
   [1 0 0 0 0 0 0 0 0 0 0])
  ("line" .
   [1 0 0 0])
  ("or" .
   [1 0])
  ("if" .
   [1 0])
  ("jk" .
   [1 0])
  ("nicefrac" .
   [0 0 0 0 0 0 0 1])
  ("fn:repeat1" .
   [2 0 0 0 0 0 0 0 0 0])
  ("资产负债表4" .
   [1 0 0 0 0 0])
  ("de" .
   [1 0])
  ("pct" .
   [1 0 0])
  ("latex" .
   [1 0 0 0 0])
  ("tipa" .
   [1 0 0 0])
  ("textlengthmark" .
   [2 0 0 0 0 0 0 0 0 0 0 0 0 0])
  ("textschwa" .
   [2 0 0 0 0 0 2 0 0])
  ("textupsilon" .
   [0 0 0 0 0 0 3 0 0 0 0])
  ("in" .
   [3 0])
  ("section" .
   [2 0 0 0 0 0 0])
  ("message" .
   [1 0 0 0 0 0 0])
  ("kb" .
   [1 0])
  ("zh" .
   [1 0])
  ("theorem" .
   [1 0 0 0 0 0 0])
  ("zhdate" .
   [1 0 0 0 0 0])
  ("left" .
   [4 0 0 0])
  ("begin" .
   [2 0 0 0 0])
  ("表示" .
   [1 0])
  ("m<=n" .
   [1 0 0 0])
  ("sum" .
   [4 0 0])
  ("limits" .
   [1 0 0 0 0 0])
  ("right" .
   [1 0 0 0 0])
  ("a4paper" .
   [0 0 1 0 0 0 0])
  ("makeglossary" .
   [0 0 0 1 0 0 0 0 0 0 0 0])
  ("尹修渠" .
   [1 0 0])
  ("datesign" .
   [1 0 0 0 0 0 0 0])
  ("today" .
   [1 0 0 0 0])
  ("abstract" .
   [2 0 0 0 0 0 0 0])
  ("kaishu" .
   [3 0 0 0 0 0])
  ("quad" .
   [2 0 0 0])
  ("qed" .
   [3 0 0])
  ("vert=" .
   [2 0 0 0 2])
  ("cdot" .
   [1 0 0 0])
  ("m+1" .
   [9 0 0])
  ("leqq" .
   [1 0 0 0])
  ("vert=0" .
   [1 0 0 0 0 0])
  ("gg" .
   [1 0])
  ("用Laplace定理按前" .
   [1 0 0 0 0 0 0 0 0 0 0 0])
  ("cdots+m" .
   [2 0 0 0 0 0 0])
  ("n+1" .
   [5 0 0])
  ("format+" .
   [2 0 0 0 0 0 0])
  ("it" .
   [2 0])
  ("人民日报里的美文选摘" .
   [1 0 0 0 0 0 0 0 0 0])
  ("usepackage" .
   [1 0 0 0 0 0 0 0 0 0])
  ("-1" .
   [1 0])
  ("cdots+i" .
   [2 0 0 0 0 0 0])
  ("cdots+j" .
   [1 0 0 0 0 0 0])
  ("p+q" .
   [2 0 0])
  ("cdots+b" .
   [1 0 0 0 0 0 0])
  ("当天很晚的时候" .
   [1 0 0 0 0 0 0])
  ("documentclass" .
   [2 0 0 0 0 0 0 0 0 0 0 0 0])
  ("scale=0" .
   [2 0 0 0 0 0 0])
  ("第1619号国土证" .
   [0 0 0 0 0 1 0 0 0])
  ("normalfont" .
   [0 0 0 0 0 0 0 1 0 0])
  ("smallmatrix" .
   [1 0 0 0 0 0 0 0 0 0 0])
  ("longrightarrow" .
   [1 0 0 0 0 0 0 0 0 0 0 0 0 0])
  ("geq" .
   [2 0 0])
  ("chi" .
   [0 0 1])
  ("hline" .
   [1 0 0 0 0])
  ("linktoc" .
   [1 0 0 0 0 0 0])
  ("A-2I" .
   [3 0 0 0])
  ("x=0" .
   [1 0 0])
  ("notag" .
   [1 0 0 0 0])))
